-2285.764356 -1.902005232e-06 5.18011e-06
-2255.767009 4.444224677e-06 5.20619e-06
-2225.76918 -4.878353813e-06 5.66442e-06
-2195.77033 -8.344590301e-07 3.68965e-06
-2165.770185 -3.259798797e-06 5.3569e-06
-2135.768783 1.176472445e-06 5.31228e-06
-2105.766466 -1.536873779e-06 5.2296e-06
-2075.763808 1.075099644e-05 4.87594e-06
-2045.761499 -1.127506751e-05 4.96511e-06
-2015.760162 4.220348614e-06 5.73911e-06
-1985.760176 -7.582053974e-06 5.91349e-06
-1955.761541 -2.966748591e-06 5.53351e-06
-1925.763876 1.129743277e-05 5.27073e-06
-1895.766544 -7.908185114e-06 5.23049e-06
-1865.768845 7.329665433e-07 5.06456e-06
-1835.770201 -5.483640755e-06 4.58936e-06
-1805.770289 7.848236603e-06 5.33592e-06
-1775.769091 -4.799366947e-06 4.7597e-06
-1745.766897 4.886366127e-06 4.25626e-06
-1715.764251 -3.241482285e-06 5.10335e-06
-1685.76183 1.066432227e-05 4.93122e-06
-1655.760286 -1.619000177e-05 5.01246e-06
-1625.760052 1.348087245e-05 5.01543e-06
-1595.761198 2.030842545e-06 4.5018e-06
-1565.763404 -8.943349417e-06 4.87055e-06
-1535.766065 -1.042065337e-05 4.83506e-06
-1505.768477 2.726512542e-06 4.30877e-06
-1475.770031 -1.517783334e-06 5.3404e-06
-1445.770351 -3.198539483e-06 5.59229e-06
-1415.769365 1.047803838e-05 5.05149e-06
-1385.767313 5.155404518e-07 5.04161e-06
-1355.764699 -1.116595137e-05 5.10759e-06
-1325.762188 8.192825663e-06 5.26304e-06
-1295.760451 1.151256372e-06 4.55129e-06
-1265.759971 2.018214235e-06 5.11555e-06
-1235.760876 2.813827949e-06 4.90098e-06
-1205.762935 2.695836502e-06 4.59894e-06
-1175.765567 -1.06406519e-06 5.04063e-06
-1145.768072 4.109352111e-06 4.66143e-06
-1115.769811 -7.512567418e-06 4.93628e-06
-1085.770362 3.251617778e-06 5.55306e-06
-1055.769596 -1.039087176e-05 6.02745e-06
-1025.767701 2.369770982e-06 4.8871e-06
-995.7651401 -3.335458167e-06 4.50223e-06
-965.7625613 1.511094363e-06 5.75669e-06
-935.7606466 -3.912911288e-06 4.60876e-06
-905.7599251 -2.899716775e-06 5.32189e-06
-875.7606053 -4.566427442e-06 5.18496e-06
-845.7624987 -3.302094466e-07 5.25383e-06
-815.7650804 1.050142741e-05 5.00237e-06
-785.7676578 5.110480797e-06 4.47531e-06
-755.7695697 9.788493677e-06 5.51869e-06
-725.7703471 -3.542477011e-06 5.0395e-06
-695.7698077 8.264739508e-06 4.65038e-06
-665.7680844 6.942988098e-06 5.24015e-06
-635.7655975 -1.515118425e-06 4.76268e-06
-605.7629719 -3.357457619e-06 6.32035e-06
-575.7608963 1.728493364e-06 5.44068e-06
-545.7599405 -1.440281192e-06 4.68691e-06
-515.760378 5.89074147e-06 5.08007e-06
-485.7620895 3.035021425e-06 4.81468e-06
-455.764599 -1.897394486e-06 4.68263e-06
-425.7672287 -8.989588619e-06 4.69498e-06
-395.7692985 1.135475557e-06 4.99641e-06
-365.7702972 -6.971726856e-06 5.30357e-06
-335.7699884 1.922672541e-06 5.13678e-06
-305.7684501 3.302182249e-06 4.97267e-06
-275.7660569 4.643556418e-06 5.33827e-06
-245.763406 4.764155696e-06 5.68333e-06
-215.7611875 -1.57607174e-06 4.89086e-06
-185.7600059 -5.282838848e-07 5.86323e-06
-155.7601852 -1.179047747e-05 5.92443e-06
-125.7616996 5.104265901e-06 4.66572e-06
-95.76411552 7.182000999e-06 5.22216e-06
-65.7667763 1.113175938e-06 5.05892e-06
-35.76898838 -6.173300775e-06 5.43337e-06
-5.770201107 2.149387317e-06 5.98232e-06
24.22987471 -4.746035433e-06 5.65457e-06
54.23121635 -1.815381402e-06 4.7799e-06
84.23349767 1.0550506e-05 5.47119e-06
114.2361523 -1.157562504e-06 5.25127e-06
144.2384947 -6.180154381e-06 6.15012e-06
174.2398915 2.120298897e-06 5.23732e-06
204.2399487 -1.634778638e-06 5.00234e-06
234.2386448 -7.712135096e-06 5.26858e-06
264.2363431 -2.812341202e-08 5.16265e-06
294.233673 4.877287186e-06 4.58529e-06
324.2313359 -3.274983601e-06 4.88585e-06
354.2299183 6.435914357e-06 4.76824e-06
384.2297606 -2.237011186e-06 4.63562e-06
414.2308957 -8.460938657e-06 4.57594e-06
444.2330475 3.095709329e-07 5.26915e-06
474.2356848 -6.943905754e-06 5.22194e-06
504.2381315 3.902597744e-06 5.87266e-06
534.2397313 -5.041085449e-06 4.70203e-06
564.2400361 -1.740430373e-06 4.87058e-06
594.2389541 -3.431895205e-06 4.92076e-06
624.2367867 4.192747414e-07 6.02336e-06
654.2341296 3.049892033e-06 5.06094e-06
684.2316865 -3.603765087e-08 5.88557e-06
714.2300751 -5.025498575e-06 3.72278e-06
744.2296853 5.949761175e-06 4.70423e-06
774.2306057 5.188006716e-06 6.33218e-06
804.2326117 -9.119977919e-06 4.87648e-06
834.2352106 8.416901815e-06 5.6595e-06
864.2377413 -1.117217784e-06 4.7387e-06
894.2395303 1.769143352e-06 4.46874e-06
924.2400801 4.40479488e-06 5.4235e-06
954.2392301 8.823675923e-06 5.27745e-06
984.2372164 1.458038115e-07 5.24345e-06
1014.234595 -2.443040321e-06 6.31032e-06
1044.232066 2.242913872e-07 4.79791e-06
1074.230273 2.306109437e-06 5.12322e-06
1104.229654 -1.008275314e-05 5.80953e-06
1134.230364 -5.284117387e-06 5.87236e-06
1164.23221 -1.954464584e-06 4.85497e-06
1194.23475 -4.382675175e-06 5.52415e-06
1224.237343 -7.269396983e-07 5.29531e-06
1254.239306 2.060677796e-06 4.58259e-06
1284.240096 2.052788987e-06 5.64138e-06
1314.239486 9.359730119e-06 5.06795e-06
1344.237643 -9.989435094e-07 5.02664e-06
1374.23508 4.07726272e-06 5.04918e-06
1404.232485 2.340213725e-06 5.54431e-06
1434.230525 7.180914209e-06 4.23048e-06
1464.229681 1.245764303e-05 5.27918e-06
1494.230153 -3.499486585e-06 4.85232e-06
1524.231823 -7.806686988e-07 4.47474e-06
1554.234285 -2.459468318e-06 4.88255e-06
1584.23692 1.195013005e-06 5.07091e-06
1614.23904 1.732253174e-06 5.15946e-06
1644.240063 8.91509721e-07 4.61035e-06
1674.239698 -1.386513344e-06 5.26788e-06
1704.238043 1.210482943e-06 5.02888e-06
1734.23556 -7.309422463e-06 4.44593e-06
1764.232919 9.367383718e-06 5.1298e-06
1794.230806 -4.02189942e-06 5.29693e-06
1824.229745 -8.653704691e-06 4.61289e-06
1854.229986 4.654597847e-06 5.85439e-06
1884.231469 -2.821379641e-06 6.04515e-06
1914.233833 7.340951896e-06 3.90514e-06
1944.236488 -6.73949902e-06 5.11209e-06
1974.238746 2.187270218e-06 4.5418e-06
2004.239993 -2.808074353e-06 4.40569e-06
2034.239876 2.056141781e-06 5.61631e-06
2064.238423 -2.727524806e-06 5.03226e-06
2094.23604 -5.816032075e-07 4.95663e-06
2124.233376 -3.896934974e-06 5.41721e-06
2154.231127 -3.705757178e-06 4.99591e-06
2184.229854 5.647931124e-06 4.38334e-06
2214.229875 -1.907149276e-06 4.92213e-06
2244.231159 5.402681293e-06 5.8142e-06
2274.233406 -2.952038082e-06 5.15634e-06
2304.23606 6.016471087e-06 5.51607e-06
2334.238437 -4.663335155e-06 5.06975e-06
2364.239896 -2.065527977e-06 4.3163e-06
2394.240028 6.334514678e-06 4.44033e-06
2424.23879 1.72255726e-07 5.47213e-06
2454.236527 -1.245292372e-05 5.41945e-06
2484.233861 -2.840115244e-06 6.12271e-06
2514.231493 -7.570604141e-06 5.71386e-06
2544.230019 2.147581615e-07 5.12343e-06
2574.229795 -2.530937391e-06 5.78055e-06
2604.23087 1.604777346e-06 4.00497e-06
2634.232983 4.768406444e-07 4.76393e-06
2664.235613 -2.94985316e-06 4.84634e-06
2694.238089 -4.713431485e-06 3.96965e-06
2724.239748 -2.212975739e-06 5.19484e-06
2754.240138 -1.307774296e-06 4.5785e-06
2784.239125 -1.35909774e-05 5.11432e-06
2814.237003 4.951751744e-06 5.61731e-06
2844.234356 -8.548785496e-06 4.65947e-06
2874.231888 2.763580898e-06 4.90714e-06
2904.230224 9.622408185e-07 5.52615e-06
2934.229768 8.049940771e-06 4.51926e-06
2964.230626 -1.633262716e-08 5.83335e-06
2994.232589 -5.043012105e-06 5.14539e-06
3024.235174 -1.230712547e-06 4.30395e-06
3054.237727 5.678620263e-06 4.99873e-06
3084.23957 1.215719458e-05 5.78214e-06
3114.240192 -2.348747904e-06 4.64401e-06
3144.239413 9.74465319e-06 5.61485e-06
3174.237449 9.62887263e-06 4.81306e-06
