-2285.76308 -2.383957972e-06 8.2858e-07
-2255.760693 -1.199750839e-06 8.0311e-07
-2225.759439 -2.133336835e-06 9.4394e-07
-2195.759614 -2.97930093e-06 9.2771e-07
-2165.761153 -3.819032948e-06 1.14392e-06
-2135.763672 -3.720125481e-07 1.04495e-06
-2105.766546 1.025614523e-06 1.08598e-06
-2075.769046 1.805538692e-06 1.09067e-06
-2045.770511 -2.991367156e-07 1.06589e-06
-2015.770523 2.043715205e-06 9.3485e-07
-1985.76906 1.935088456e-06 1.01313e-06
-1955.766514 9.456722572e-07 1.01199e-06
-1925.763583 1.743765423e-06 8.9088e-07
-1895.761053 1.949044357e-06 1.08214e-06
-1865.759569 1.893039755e-06 9.4063e-07
-1835.759488 1.580697338e-06 9.0186e-07
-1805.760808 4.063669919e-07 1.05969e-06
-1775.763194 2.346269579e-06 1.02988e-06
-1745.766058 2.779110795e-06 1.22788e-06
-1715.768676 4.321109539e-06 1.00311e-06
-1685.770361 3.858984904e-06 9.4338e-07
-1655.770642 2.121287988e-06 1.07182e-06
-1625.76942 2.863188041e-06 9.5411e-07
-1595.767019 3.213745728e-06 1.08052e-06
-1565.764098 2.303564429e-06 9.5458e-07
-1535.761444 2.570436421e-06 1.01891e-06
-1505.759742 -1.259634643e-07 9.5967e-07
-1475.759404 2.224759561e-06 7.1989e-07
-1445.760494 2.057450004e-06 7.6665e-07
-1415.76273 6.688147486e-08 1.01832e-06
-1385.765561 1.329443732e-06 1.01353e-06
-1355.768275 2.332084004e-07 8.7779e-07
-1325.770165 1.821782295e-06 9.993e-07
-1295.770711 6.294137132e-07 9.3186e-07
-1265.76974 -1.541083476e-06 9.8325e-07
-1235.767493 -9.842417094e-07 9.749e-07
-1205.764607 -4.040103239e-07 7.1775e-07
-1175.76185 3.374201147e-07 8.9697e-07
-1145.759942 -3.686733131e-07 9.2341e-07
-1115.75935 -9.847741776e-07 9.9495e-07
-1085.760201 7.878523089e-07 1.01754e-06
-1055.762269 3.496292901e-07 1.05775e-06
-1025.765044 -2.558525484e-06 1.04152e-06
-995.7678309 -2.642025443e-06 8.2825e-07
-965.7699104 -2.29223062e-06 1.12765e-06
-935.7707151 -4.187308342e-06 1.08325e-06
-905.7700028 -7.283422778e-06 1.00514e-06
-875.7679526 -2.513740278e-06 1.16837e-06
-845.7651248 -4.849225814e-06 9.3066e-07
-815.7622886 -3.47224585e-06 9.5105e-07
-785.7601885 -3.861986832e-06 7.833e-07
-755.7593464 -1.28068164e-06 1.12464e-06
-725.7599503 -3.591105949e-06 8.9957e-07
-695.7618349 -2.489255853e-06 1.0927e-06
-665.7645315 -5.478263456e-06 8.9706e-07
-635.7673693 -1.176611354e-06 9.5692e-07
-605.7696199 -1.458725129e-06 1.046e-06
-575.7706758 -4.472581455e-06 8.4595e-07
-545.7702281 -3.904564048e-06 9.8453e-07
-515.7683803 -3.710400373e-06 8.3367e-07
-485.7656356 7.105439539e-07 1.19699e-06
-455.7627429 -2.22739846e-06 1.16846e-06
-425.7604675 -2.507639866e-06 9.0369e-07
-395.7593807 -2.556821625e-06 1.04823e-06
-365.7597328 8.244034335e-07 9.4844e-07
-335.7614187 2.601461251e-06 1.05128e-06
-305.7640168 -1.781970064e-07 8.8433e-07
-275.7668824 -9.668932261e-08 1.05114e-06
-245.7692852 8.766306143e-07 9.3352e-07
-215.7705829 -6.341392611e-07 1.04747e-06
-185.7704032 3.018310542e-09 1.12996e-06
-155.7687627 6.777423273e-08 9.5551e-07
-125.7661249 -1.614901734e-07 1.01507e-06
-95.76319967 1.075109993e-06 9.7298e-07
-65.76076652 2.303451796e-06 9.5304e-07
-35.75944275 -5.516560557e-07 1.00419e-06
-5.759539963 1.944967718e-06 7.4953e-07
24.23898576 2.248202221e-06 7.3167e-07
54.23650589 2.948327575e-06 1.04273e-06
84.23363487 1.638449959e-06 1.0024e-06
114.2311 1.243513928e-06 9.9862e-07
144.2295721 8.346478499e-07 1.0965e-06
174.2294829 3.155864489e-06 9.0728e-07
204.2308792 3.216575145e-06 1.00403e-06
234.2333872 3.999413753e-06 9.2452e-07
264.2363201 3.32795533e-06 9.0481e-07
294.2388914 5.524472063e-06 8.6425e-07
324.2404421 -3.342687236e-07 1.13315e-06
354.2406009 3.86417067e-06 1.11711e-06
384.2393496 1.872937524e-06 1.01246e-06
414.2370069 1.739902659e-06 9.1919e-07
444.234153 1.226002369e-06 1.12125e-06
474.2315065 1.971727631e-06 9.6331e-07
504.2297619 1.799518229e-06 9.2974e-07
534.229405 5.590321301e-07 9.5308e-07
564.2305566 3.857044524e-06 1.01621e-06
594.232913 7.552505456e-07 9.7352e-07
624.2358285 2.198890523e-06 1.09478e-06
654.2385167 1.793187578e-06 9.0786e-07
684.2402823 5.254291487e-07 1.1205e-06
714.240696 2.074433736e-06 9.8021e-07
744.2396771 4.74465153e-07 9.6653e-07
774.2374893 -4.627187861e-07 9.7998e-07
804.2346748 -2.829410987e-06 1.01018e-06
834.2319384 -3.771348932e-06 1.00398e-06
864.2299921 -1.370934885e-07 9.3295e-07
894.229371 -2.754544996e-06 1.01153e-06
924.2302681 -2.126014115e-06 9.2182e-07
954.2324519 -9.596805294e-07 1.06923e-06
984.2353247 -2.41907388e-06 9.4149e-07
1014.238108 -1.178706121e-06 8.6673e-07
1044.240074 -2.669558314e-06 1.14918e-06
1074.24074 -3.078023824e-06 8.1351e-07
1104.239962 -3.696951037e-06 9.8178e-07
1134.237958 -3.982912143e-06 9.4305e-07
1164.235204 -4.107306809e-06 1.11247e-06
1194.2324 -1.663738484e-06 1.13106e-06
1224.230269 -2.983907957e-06 1.00128e-06
1254.22939 -1.256114452e-06 8.9548e-07
1284.230025 3.597632795e-07 1.11201e-06
1314.232017 -2.321680193e-06 8.6606e-07
1344.234822 -3.15132372e-06 9.6815e-07
1374.237677 -6.129828176e-07 8.4607e-07
1404.23983 -3.843658448e-06 1.04259e-06
1434.240744 -3.825988123e-06 1.00811e-06
1464.240213 6.746488614e-08 1.13254e-06
1494.238384 -2.678833705e-06 9.3899e-07
1524.235713 3.106725429e-07 1.02073e-06
1554.232864 -1.029161995e-06 1.03508e-06
1584.230566 9.1280193e-07 9.6601e-07
1614.229437 4.699602866e-07 7.6207e-07
1644.229805 9.407520839e-07 9.3554e-07
1674.231588 1.844814318e-06 1.032e-06
1704.234303 8.505858534e-07 9.6899e-07
1734.237206 -2.886656497e-06 1.07485e-06
1764.239528 -2.028848505e-07 1.00222e-06
1794.240684 9.406909836e-07 8.1955e-07
1824.240404 1.23029125e-06 9.8095e-07
1854.238777 2.481213554e-06 9.6526e-07
1884.23621 3.703222524e-06 1.12529e-06
1914.233339 3.712126208e-06 8.5149e-07
1944.230893 8.734839736e-07 1.01871e-06
1974.229525 3.73548046e-06 1.12213e-06
2004.229624 2.774676912e-06 9.0209e-07
2034.231184 1.992974708e-06 1.05537e-06
2064.233784 3.197477741e-07 1.01548e-06
2094.236712 1.670149842e-06 9.7983e-07
2124.239185 1.704355345e-06 9.5639e-07
2154.240575 7.315385397e-07 1.01435e-06
2184.24055 1.872602506e-06 1.08946e-06
2214.23915 3.485903264e-06 7.738e-07
2244.236706 2.837011079e-06 1.11832e-06
2274.233835 2.798498919e-06 7.118e-07
2304.231263 4.726792078e-06 1.02202e-06
2334.229668 2.909570415e-06 9.0341e-07
2364.229498 2.835029899e-06 1.04993e-06
2394.230822 1.01664843e-06 9.3958e-07
2424.233286 -2.796149215e-06 9.3344e-07
2454.236214 1.417126891e-06 9.3703e-07
2484.23882 1.077010789e-06 1.06129e-06
2514.240433 3.096127832e-06 9.252e-07
2544.240664 -4.822583628e-08 9.1945e-07
2574.239478 8.181071285e-07 7.9681e-07
2604.237177 5.966810057e-07 9.3287e-07
2634.234331 2.414301941e-06 1.05342e-06
2664.231654 -1.535501539e-06 8.9968e-07
2694.229846 6.854269546e-07 8.6903e-07
2724.22941 -1.691951364e-06 1.10657e-06
2754.230498 -1.416777267e-06 8.4559e-07
2784.232804 1.197028431e-06 1.13555e-06
2814.235708 -3.911729722e-07 1.11281e-06
2844.238425 -2.390087796e-06 9.2544e-07
2874.24025 -1.082018465e-06 9.7732e-07
2904.240736 -1.379182816e-06 9.8872e-07
2934.239786 -1.963315251e-06 9.8164e-07
2964.237646 -2.64679441e-06 8.5421e-07
2994.234846 -1.518915183e-06 9.3012e-07
3024.232086 -3.736952432e-06 9.3958e-07
3054.230083 -2.539691871e-06 9.4301e-07
3084.229385 -2.680149797e-06 7.7598e-07
3114.230206 -1.763817078e-06 8.4599e-07
3144.232335 -4.889419789e-07 1.13316e-06
3174.23519 -1.445095253e-06 9.1037e-07
