-2285.764538 8.364088156e-06 4.89581e-06
-2255.762786 1.181364794e-05 5.70296e-06
-2225.761628 -1.293720493e-06 3.77584e-06
-2195.761345 5.663382808e-06 3.66265e-06
-2165.761996 9.157805285e-07 4.45852e-06
-2135.763418 -1.955001778e-06 4.22396e-06
-2105.765259 -7.255020024e-07 4.66627e-06
-2075.767057 1.335966426e-06 4.03721e-06
-2045.76834 -2.726727996e-06 4.35291e-06
-2015.768753 3.14838e-06 4.71715e-06
-1985.768171 -1.760162469e-06 4.62776e-06
-1955.766749 -6.12029608e-06 4.64261e-06
-1925.764878 -5.242033984e-06 4.78449e-06
-1895.763064 -2.887268786e-07 4.40766e-06
-1865.761776 -6.63168757e-06 4.37717e-06
-1835.761329 -1.320664662e-06 4.44866e-06
-1805.761823 -4.23172027e-07 4.36851e-06
-1775.76313 1.087059684e-05 4.68776e-06
-1745.76493 -9.037373232e-06 4.81139e-06
-1715.766771 4.346251457e-06 4.68754e-06
-1685.768175 -9.292786774e-07 3.76871e-06
-1655.768757 -2.445872849e-06 3.98348e-06
-1625.768346 2.511840062e-06 3.98254e-06
-1595.767048 1.200460476e-05 5.0241e-06
-1565.765221 2.070938555e-06 4.15612e-06
-1535.76336 -8.390922944e-06 4.64007e-06
-1505.761951 -2.798394577e-06 3.8067e-06
-1475.761343 -6.762691096e-06 4.92637e-06
-1445.761675 -1.113214722e-05 4.71568e-06
-1415.762858 -1.573587104e-06 4.45215e-06
-1385.764601 -5.807039735e-06 3.99193e-06
-1355.76647 1.021685289e-05 5.4469e-06
-1325.767983 -2.09350884e-06 4.12024e-06
-1295.768728 -5.235520818e-06 4.1548e-06
-1265.768491 6.319918174e-06 4.63143e-06
-1235.767317 -1.189457954e-06 4.89306e-06
-1205.765549 -5.554651949e-06 3.85714e-06
-1175.763657 -8.790597494e-06 3.79997e-06
-1145.762138 -2.630396793e-06 4.8876e-06
-1115.761373 7.531496026e-07 3.87561e-06
-1085.76154 4.449550245e-06 4.27012e-06
-1055.76259 6.023921022e-06 4.50986e-06
-1025.764263 7.349481756e-07 4.62339e-06
-995.7661449 -1.531821901e-06 4.03276e-06
-965.7677527 5.276968089e-06 4.86651e-06
-935.7686547 6.530751201e-06 4.3016e-06
-905.7685935 -4.787892542e-06 4.60874e-06
-875.7675763 -2.740469054e-07 3.55163e-06
-845.7658815 -2.36945854e-06 3.56084e-06
-815.7639733 -1.618466938e-06 3.86584e-06
-785.7623568 1.027282057e-06 3.93569e-06
-755.7614402 -3.966005564e-07 4.84854e-06
-725.7614408 -1.814435357e-06 4.23006e-06
-695.7623488 3.551696574e-06 4.33824e-06
-665.763939 6.090545956e-06 5.03323e-06
-635.7658179 9.717029471e-06 5.21584e-06
-605.7675078 -1.648661616e-06 4.55388e-06
-575.7685581 -7.190709412e-06 4.17007e-06
-545.7686727 1.450412961e-06 3.92472e-06
-515.7678094 3.142306054e-06 4.65141e-06
-485.7662031 1.324260954e-06 4.2735e-06
-455.7642948 1.120816935e-05 4.38485e-06
-425.7625931 -3.776489135e-07 4.78683e-06
-395.7615318 2.520567658e-06 4.02371e-06
-365.7613653 3.968700969e-06 4.59418e-06
-335.7621244 -6.885981167e-06 4.85716e-06
-305.7636192 -1.303899508e-06 3.81083e-06
-275.7654807 -3.008470234e-06 4.12652e-06
-245.7672381 -4.583244359e-06 4.27282e-06
-215.7684276 2.321280819e-07 4.31963e-06
-185.768717 -6.450827301e-07 3.7486e-06
-155.7680039 7.015651444e-06 4.39568e-06
-125.7665 3.992429072e-07 4.46859e-06
-95.7646072 3.999093684e-06 4.01064e-06
-65.7628339 1.046749466e-05 4.01333e-06
-35.76163557 5.550816531e-06 4.30697e-06
-5.761303033 4.864150324e-06 4.18006e-06
24.23809246 -2.332145993e-06 4.39412e-06
54.23670434 -2.501588959e-06 4.36502e-06
84.23487498 -1.934361315e-06 4.07379e-06
114.2330642 -5.639399045e-06 4.82426e-06
144.2317463 1.954704559e-06 3.84998e-06
174.2312848 2.035691525e-06 4.09188e-06
204.2318188 -4.190383408e-06 4.97344e-06
234.2332073 8.665434969e-07 4.48285e-06
264.2350682 -4.893350551e-06 4.87322e-06
294.2368988 6.555313164e-06 4.96522e-06
324.238225 6.038657473e-06 4.08516e-06
354.238721 -7.873240854e-06 4.07778e-06
384.2382759 -4.258107484e-07 3.96588e-06
414.237005 -6.908831066e-06 4.88202e-06
444.235222 2.543349322e-06 4.49166e-06
474.2333724 -6.667530526e-06 4.45333e-06
504.231937 -2.893030805e-06 5.06305e-06
534.2313081 -2.631424961e-06 4.46689e-06
564.2316699 -1.083658766e-05 4.10962e-06
594.2329307 7.021201924e-06 4.6293e-06
624.2347436 -4.669287335e-06 4.71691e-06
654.2366165 -4.471660522e-06 4.27414e-06
684.2380599 -5.487522164e-07 5.56201e-06
714.2387158 -8.253846768e-06 4.51165e-06
744.2384331 7.117072281e-06 4.54503e-06
774.237289 4.433086313e-06 4.91488e-06
804.2355659 -6.340475537e-06 4.47604e-06
834.2336928 4.969449897e-06 4.45668e-06
864.2321522 -4.952084455e-06 4.69545e-06
894.2313612 4.800155917e-07 4.05988e-06
924.2315477 -4.769392929e-06 5.69716e-06
954.2326696 1.229315475e-05 4.22309e-06
984.2344188 -8.443381556e-06 4.38453e-06
1014.236318 -2.764286336e-06 3.90398e-06
1044.237867 -8.392592352e-06 4.59323e-06
1074.238678 3.802849367e-07 3.77719e-06
1104.23856 6.682494526e-06 4.35289e-06
1134.237563 -2.982556109e-06 4.60131e-06
1164.235914 3.989092826e-06 4.64764e-06
1194.234032 -1.405605362e-05 4.75336e-06
1224.232399 8.678552146e-06 4.5088e-06
1254.231453 6.18821763e-06 5.0924e-06
1284.231463 4.901075103e-06 4.479e-06
1314.232436 -5.401692176e-07 4.35354e-06
1344.234106 -4.387427023e-06 3.5491e-06
1374.236016 -1.233236431e-06 4.58644e-06
1404.237659 -3.196455172e-06 4.55298e-06
1434.238618 1.068417034e-06 5.30325e-06
1464.238667 -6.331512739e-06 4.65949e-06
1494.237801 1.061453666e-05 4.59803e-06
1524.236238 7.757473165e-06 4.07619e-06
1554.234362 2.959584427e-06 4.80846e-06
1584.23265 3.851597247e-06 5.05186e-06
1614.231558 5.151548021e-06 4.56072e-06
1644.231391 8.529853637e-06 4.36401e-06
1674.232207 -8.329309259e-06 4.75169e-06
1704.233784 -1.941110181e-06 4.35335e-06
1734.235689 9.601464949e-06 5.50981e-06
1764.237412 -8.147247473e-07 5.48561e-06
1794.238514 1.296889052e-06 4.14594e-06
1824.238728 3.905119069e-06 4.28225e-06
1854.238013 -3.653442674e-06 3.97304e-06
1884.236547 -2.825169365e-06 4.34713e-06
1914.234693 9.469375266e-06 4.22659e-06
1944.232917 -1.334724074e-06 4.27472e-06
1974.231688 -2.071520305e-06 4.38286e-06
2004.231346 -1.306354931e-06 4.46581e-06
2034.231998 4.35029145e-07 3.86469e-06
2064.233468 5.114088598e-06 4.66092e-06
2094.235352 -5.359736129e-06 4.20554e-06
2124.237143 2.156057756e-07 4.53618e-06
2154.238378 5.585504297e-06 4.12404e-06
2184.238758 -4.569516022e-06 3.64583e-06
2214.23821 3.807407816e-06 3.60029e-06
2244.236854 -4.543716055e-06 3.84256e-06
2274.235035 -7.282370072e-06 4.05092e-06
2304.23321 -8.511714666e-06 4.82118e-06
2334.231855 1.611671665e-06 4.76659e-06
2364.231342 9.654377765e-06 4.37763e-06
2394.231825 -1.181347139e-05 4.49461e-06
2424.233176 2.383920174e-06 5.10109e-06
2454.235023 -1.217655124e-06 4.24435e-06
2484.236866 -6.849953887e-06 4.45392e-06
2514.238226 9.522638886e-07 4.51426e-06
2544.238768 -1.082101843e-06 4.14803e-06
2574.238369 1.318972726e-06 5.12238e-06
2604.237133 -2.011311022e-07 4.70383e-06
2634.235364 -8.209975177e-06 4.37572e-06
2664.233505 1.018567467e-05 4.0114e-06
2694.232036 4.318979919e-07 4.88116e-06
2724.231358 -9.882253477e-07 4.41199e-06
2754.231679 -5.560988768e-06 4.18539e-06
2784.232899 -3.879304373e-06 4.54162e-06
2814.234694 -1.649250806e-06 3.87084e-06
2844.236574 -4.305154693e-06 5.06185e-06
2874.238049 5.52062674e-06 4.18187e-06
2904.238749 7.822955463e-06 3.98264e-06
2934.238514 2.826398813e-07 3.94627e-06
2964.237408 -5.786640751e-06 4.25382e-06
2994.235704 -8.969693241e-07 3.65932e-06
3024.233825 -5.866214695e-06 4.4626e-06
3054.232256 -1.709040118e-06 3.94248e-06
3084.231418 4.021033989e-06 4.68507e-06
3114.231552 8.945427468e-06 4.42731e-06
3144.232631 -1.045791265e-06 4.18432e-06
3174.234358 1.457690638e-06 3.93586e-06
