-2940.763183 3.174810218e-07 2.78496e-06
-2910.760718 3.56631876e-06 2.69948e-06
-2880.759379 6.017871177e-07 2.78071e-06
-2850.759483 -2.618159025e-06 2.9608e-06
-2820.760985 3.07452909e-06 2.42014e-06
-2790.763507 4.125711124e-06 2.58956e-06
-2760.766425 1.263197585e-06 2.81518e-06
-2730.769001 1.029152366e-06 3.00603e-06
-2700.770551 5.387213787e-06 2.58363e-06
-2670.77064 1.073522239e-06 2.33271e-06
-2640.769219 4.548307645e-06 2.40106e-06
-2610.766673 5.204316581e-06 2.88203e-06
-2580.763698 3.575765409e-06 2.55142e-06
-2550.761093 -1.990431582e-07 2.70929e-06
-2520.759524 1.556328944e-06 2.73296e-06
-2490.759368 -3.898066915e-07 2.5656e-06
-2460.760643 5.786275929e-06 3.05522e-06
-2430.763026 5.620386359e-06 3.00006e-06
-2400.765927 1.823096594e-06 2.55097e-06
-2370.768616 1.444425771e-06 2.51683e-06
-2340.770388 3.631042807e-07 2.8548e-06
-2310.770747 -8.430506673e-07 2.67923e-06
-2280.769575 -9.815509948e-07 3.13661e-06
-2250.767182 -6.436046137e-06 3.08093e-06
-2220.764224 -4.122016732e-06 2.61492e-06
-2190.761499 9.636986522e-07 2.61811e-06
-2160.759712 1.998318686e-07 2.20996e-06
-2130.759296 -5.545057692e-06 2.48493e-06
-2100.760335 -3.390883786e-06 2.09509e-06
-2070.76256 1.230831042e-06 2.55753e-06
-2040.765421 -2.191342753e-06 2.7439e-06
-2010.768201 -2.368107758e-06 2.31699e-06
-1980.770177 -2.822469856e-07 2.52349e-06
-1950.770804 -8.507680288e-06 2.73525e-06
-1920.76989 -2.526267703e-06 2.34937e-06
-1890.767658 1.271817342e-07 2.53326e-06
-1860.764742 -5.775864619e-06 3.36988e-06
-1830.76192 2.085370843e-07 2.59207e-06
-1800.759927 -2.613140092e-06 2.66001e-06
-1770.759255 -2.486234018e-06 3.14256e-06
-1740.760048 -2.937237027e-06 2.71004e-06
-1710.762098 -2.322155558e-06 2.44362e-06
-1680.764896 -4.259040726e-06 2.85164e-06
-1650.767744 -7.994282536e-06 2.40917e-06
-1620.769907 1.480397969e-06 2.79217e-06
-1590.770796 -3.381560107e-06 2.74692e-06
-1560.770146 -1.369542023e-06 2.33239e-06
-1530.768119 -1.484372737e-06 2.43574e-06
-1500.765269 -7.238753071e-07 2.30034e-06
-1470.762372 -4.515812452e-06 2.23385e-06
-1440.760189 -6.069780533e-06 2.64044e-06
-1410.759264 -2.378192758e-06 2.84283e-06
-1380.759806 -9.222510196e-07 2.56351e-06
-1350.761664 -2.620547504e-06 2.49753e-06
-1320.764377 -6.060682656e-06 2.74794e-06
-1290.76727 3.062342645e-06 2.84673e-06
-1260.769601 -9.914274217e-07 2.33335e-06
-1230.770743 4.713195179e-06 2.85643e-06
-1200.770363 3.481619188e-07 2.35858e-06
-1170.768546 3.452757079e-06 2.56661e-06
-1140.765787 -1.737782995e-06 2.92499e-06
-1110.762839 -4.952052614e-07 2.21134e-06
-1080.760483 2.834239579e-06 2.81177e-06
-1050.759312 1.673105119e-06 2.41306e-06
-1020.759597 2.607491841e-07 2.23695e-06
-990.7612498 4.772382936e-06 2.65668e-06
-960.7638567 2.739648243e-07 2.08489e-06
-930.7667713 7.874512968e-07 2.95019e-06
-900.7692517 -2.203901611e-06 2.7754e-06
-870.7706359 4.185911284e-06 2.60124e-06
-840.7705285 2.045134425e-06 2.35202e-06
-810.7689261 -4.322737823e-08 2.63694e-06
-780.7662819 -5.451117388e-08 2.11456e-06
-750.7633081 -1.467895422e-06 2.70197e-06
-720.7607976 5.395670918e-06 2.79602e-06
-690.7593885 8.504376763e-06 2.62103e-06
-660.7594141 -1.703634037e-06 2.3034e-06
-630.7608483 -1.567411168e-06 2.35294e-06
-600.7633293 7.775092974e-06 2.65304e-06
-570.7662429 -1.61175402e-06 2.0781e-06
-540.7688517 4.023613563e-06 2.72512e-06
-510.770466 -1.975276986e-06 2.74495e-06
-480.7706316 2.232215986e-07 2.12576e-06
-450.7692805 3.583033115e-06 2.80119e-06
-420.7667742 2.590414926e-06 2.41431e-06
-390.7637994 3.364060045e-06 2.8112e-06
-360.7611544 1.6605075e-06 2.70013e-06
-330.759518 2.730581873e-06 2.52121e-06
-300.7592837 -1.061032155e-06 2.72533e-06
-270.7604884 -3.911711519e-06 2.42824e-06
-240.7628247 3.976182026e-06 2.84082e-06
-210.7657144 -9.067959483e-07 2.59142e-06
-180.7684304 -4.101637593e-06 2.58205e-06
-150.7702609 -6.905205285e-07 2.72066e-06
-120.7706976 -2.503804544e-06 2.57671e-06
-90.76959778 -1.28217221e-06 2.17277e-06
-60.76725115 -3.399028138e-06 2.90156e-06
-30.76430077 -1.317541316e-06 2.84745e-06
-0.761543067 7.425370423e-07 2.77895e-06
29.24030762 -8.808939834e-06 2.90504e-06
59.24080015 5.511152844e-08 2.81267e-06
89.23983396 -9.128286876e-08 2.86011e-06
119.2376601 -3.378253622e-06 2.64931e-06
149.2348168 2.332712168e-06 2.40368e-06
179.2320158 -3.873003051e-06 2.74594e-06
209.2299849 -4.236003472e-07 2.58807e-06
239.2292813 -3.117027231e-06 2.71846e-06
269.2301203 -4.072383467e-06 2.65827e-06
299.2322865 -2.211992547e-06 2.45104e-06
329.2351867 -1.244786104e-06 2.70445e-06
359.2380343 1.344002233e-06 2.49375e-06
389.240085 -1.326306487e-06 3.01179e-06
419.2408325 1.110973871e-06 2.29913e-06
449.2401127 -9.418889667e-07 2.29885e-06
479.2381294 -1.463160669e-06 2.56827e-06
509.2353545 -4.275514258e-06 2.65356e-06
539.2324911 -2.335826921e-06 2.38447e-06
569.2302772 1.424076612e-06 2.88958e-06
599.2293135 5.543666519e-06 2.80512e-06
629.2298848 -2.500641433e-06 2.82171e-06
659.2318517 3.360920021e-06 2.81223e-06
689.2346769 -2.651216692e-06 2.20302e-06
719.2375907 4.07744972e-06 2.65257e-06
749.2398255 2.151335403e-06 2.37309e-06
779.2408229 2.000735735e-06 2.74958e-06
809.2403556 7.241605377e-06 2.67498e-06
839.2385553 -9.589118198e-07 3.05847e-06
869.2358704 3.891350474e-07 2.75712e-06
899.2329677 6.625405763e-06 2.23108e-06
929.2305895 4.806177096e-06 2.8175e-06
959.2293745 3.08911809e-06 2.78286e-06
989.2296737 3.604542711e-06 2.68371e-06
1019.231424 4.614553881e-06 2.61454e-06
1049.23415 4.438057868e-06 2.41333e-06
1079.237107 2.567516036e-06 2.4583e-06
1109.239509 2.555355875e-06 2.53308e-06
1139.240749 -5.724972961e-07 2.83375e-06
1169.240538 9.312068552e-06 2.63258e-06
1199.238947 7.191600212e-06 2.57962e-06
1229.236373 6.584749449e-07 2.41262e-06
1259.233454 -8.888398928e-07 3.07956e-06
1289.230932 -1.477374424e-06 2.87966e-06
1319.229477 -6.84862731e-07 2.8145e-06
1349.229503 1.256012409e-06 2.77112e-06
1379.231022 4.335444607e-08 3.23753e-06
1409.233626 -4.461667235e-07 3.10787e-06
1439.236601 3.077151967e-06 2.87751e-06
1469.239151 -2.057471941e-06 2.42062e-06
1499.240626 -2.2129591e-06 2.93535e-06
1529.240674 -6.673666055e-07 2.47315e-06
1559.239316 -1.28618736e-06 2.50485e-06
1589.236873 -1.025556461e-06 2.59958e-06
1619.233962 5.111410993e-06 2.50867e-06
1649.231317 -1.759414782e-06 2.01221e-06
1679.229635 -5.681086786e-07 2.85493e-06
1709.229388 6.167487999e-07 2.72051e-06
1739.230665 -2.069828306e-06 2.63504e-06
1769.233124 -3.063263182e-07 3.08801e-06
1799.236092 -1.620351172e-06 2.67089e-06
1829.238771 -2.368436883e-06 2.43201e-06
1859.240469 -5.791471987e-06 3.36144e-06
1889.240777 -1.941719935e-06 2.54466e-06
1919.239639 -1.467908437e-06 2.07354e-06
1949.237347 4.569023744e-06 2.84034e-06
1979.234466 -3.492912233e-07 2.53e-06
2009.231721 9.570221628e-07 2.52977e-06
2039.229828 -2.942680596e-07 2.7104e-06
2069.229311 -3.477774572e-06 2.28629e-06
2099.230345 -3.688292816e-06 2.57529e-06
2129.23264 -1.915249624e-06 2.90211e-06
2159.235576 -1.391971743e-06 3.10549e-06
2189.238361 -1.261016796e-07 2.48959e-06
2219.24027 1.445376018e-06 2.6327e-06
2249.240837 -8.783934437e-07 2.20923e-06
2279.239941 -7.02489245e-06 2.76879e-06
2309.237816 -1.052105925e-07 2.45392e-06
2339.23499 -3.273069044e-06 2.42027e-06
2369.232167 -5.369112604e-06 2.77259e-06
2399.23008 2.660640983e-06 2.52107e-06
2429.229299 5.339445308e-06 2.63457e-06
2459.230059 -7.908545635e-07 2.69844e-06
2489.232168 4.81080805e-07 2.72818e-06
2519.235049 -6.877784195e-07 2.5279e-06
